 

111111111111111111111·111111111111111111111ΙίΙΙΙΙΙΙΙΙΙΙΙΙΙΞ

mmlx ‘Locomm SCRIPTURAE SACRAE.

pag.

. 6, 10. 396. Matthm, 43—45.
6, 12. 14. 379 01384.. - 23, 6.
6, 12-15. 60. - 23, 11.
6, 13. 385. - 23, 31 sqq.
6, 14. 235. - 23, 35.
6, 24. 111. - 24, 32..
6, 25. 441. - 24, 35.
7, 1. . 379. - 24, 45.
7, 1. 2. 60. - 25, 5sqq.
7, 2. 379. - 26, 24.
7, 11. 466. - 26, 31.
7,13.14. 97. - 26,39.
7,15. 277. - 26,41.
7, 19. 433. - 26, 55.
7, 21. 109. - 27, 3. 19.
7,23. 109. - 27,48.
3, 17. 3ο3. - 27, 52.
9,13. 8 31108. - 28,19.
9, 22. 430. Marc. 5, 3⁴1.
10, 10. 442. - 7, 4.
ιο, 16. 110. 200 et 303. - 7, 6.
10, 23. 394. - 3, 31.
10, 28. 110 et 482. - 9, 42.
10,32. 109. - 10,11.
ιο, 33. · 188 et 417. - ιο, 33.
ιο, 41. 299. - 10, 52.
11, 5. 269. - 11, 25.
11, 27. 123. - 12, 29.
12, 33. 132 et 333. - 12, 39. ·
12, 4ο. 237. - 14, 21.
12, 50. 114. - 14, 27.
13, 3. 72. - 14, 33.
13, 22. 553. - 15, 23.
13, 43. 295. Luc. 1, 5sq.
15, 8. 61 et 481. - 2, 36 sq.
15,13. 161.176 e1239. - 3,23.
16, 18. 277. - 5, 32.
16,23. 273. - 6,20.
16, 24. 17. - 6, 3ο.
16, 26. 170. 111. 345 et 361. - 6, 36.
18, 3. 4. 564. - 6, 36-38.
18, 6. 93. - 6, 37.
13, 11. 109. - 6, 38.
13, 20. 325. .. 6, 46.
19, 4ος. 311. - 7, 50.
19, 9. 448. - 8, 5.
19,12. 190 61295. - 8,30.
12, 17. 437.ῐ - 3, 43.
19, 21-24. 429. - 9, 25.
19, 23. 24. 553. - 10, 8.
20. 490. - 10,16.
20, 16. 7. - 10, 18.
20, 22. 401. - ιο, 27.
20, 28. 332. - ιι, 3.
21,22. 466. - lh 20
22, 11. 477 et 543. - 11, 43.
²². 14. 7. - 12, 4. 5.
22, 37. 109. - 12, 5.
²²9 ω· '⁹⁶- Ο ¹²9 ⁹⁰

665

pag.
31.
433.
95.
9.
333.
71.
74.
125.
7.

93 et 441.
401.
385.
395.
267.
14.
148 et 235.
265 et 287.
430.
25.
61.
172.
93.
448.
401.
430.
235.
307.
433.
441.
9.
385.
14.
277.
283.
237.
108.
379.
42.
379.
60.
235 et 379.
379.
245.
430.
72.
269.
430.
345.
110.
325.
273.
295 et 333.
495.
456.
433.
110.
482.
188.

