666

J

pag.
Luc, 12, 22. 441.
- 13, 27. 109.
.. 16, 10-12, 112.
- 16, 13. 111.
- 16, 15. 253.
- 17, 2. 93.
- 17, 10. 253.
- 17, 19. 430.
- 18, 23. 253.
- 20. 497.
.. 20, 46. 433.
- 22, 32. 297.
- 23, 34. . , 331.
- 24, 36-40, 188.
- 24, 39. 292.
- 24, 44. 190.
011. 1, 1 sqq. 309 et 541.
- 1, l. 3. 14. 18. 260.
- 1, 3. 259.
- 1, 9 sqq. 260.
- 1. 14.13.235.267.269.29vl.30901327.
- 1, 18. 265.
-· 2, 9. 269.
- 2, 18. 291.
- 3, 8. 180.
- 3, 14. 29 et 291.
- 3, 16. 96.
- 3, 36. 160 et 325.
- 5, 22. 27. 106.
- 5, 30. 247.
- 5, 35. 1209.
- 5, 40. 160.
- 5, 46. 249.
- 6, 9 sq. 269.
- 6, 32. 45. 51. 171.
- 6, 38. 259.
- 6, 57. 275.
- 7, 38. 171.
- 8,29. 323.
- 8, 44. 283.
- 8, 46. 235.
- 3, 56. 58. 249.
- 10, 7. 9. 182 et 541.
- 10, 9. 542.
- 10, 11. 347.
- 10, 11. 9. 237.
- 10, 16. 148.
- 11, 25 sq. 239.
- 11, 26. 238.
- 11, 42. 239.
- 12. 7 134.
- 12, 32 291.
- 12, 36. 176.
- 13,34. 293
— 14, 6. 160. 287. 329 et 542.
— 14, 9 123.
- 14, 24 329.
- 15, 5 122 et 192.
- 15, 13 41.

lNDEx LOCORUM SCRll‘TURAE SACRAE.

Joh.15, 19. 4.

Act.

16, 11.
16, 13.

16, 14.

17, 3.

17, 4. 6.
17, 5.

17, 11. 21.
20, 17.
20, 27.

20, 23.

20, 31.

1, 3.

..a
‘dmm—¹
ῬῨΨΓ·

oenum—avuto
“μψφφψ

ἐοέὓθῦῐΫέὶὲέὶ ΦΫΝΓ,
Οἱ
ΞΟ. .

,98

μ· ο·-
,ΦΜΦ
3 ὲ

1³³8·
343.
170.
329.
329.

93. 295 et 308.
329.
259.
323.
258.
292.
292.
160.
293.
293.

52.
377.
122.
307.

72.
439.
41.
386.
307.
257.
307.
287.
188 et 293.
106.
251 et 306.
257.
65.

52.

52.

52.

99.

106 et 378.
255.
176.

6 et 48.
396.
200.
287.
430.
257.
213.
291.
211.
132.
488.

83.

81.

148 et 331.
133.

94.

76.
430.
57.

32.
10⁷·

