664

lsai.

{11111111111111111111111111111111111¹111

G

33, 16. 26.
33, 16—18. 26.
33, 18. 7.
35, 4. 249.
40, 3. 19.
40,10. 79.
40,12. 37.
40, 13.11.
41, 8. 57.
42, 6. 7. 34.
43, 9. 253.
44, 6. 307.
45, 1. 31.
45, 2. 3. 26.
49, 6. 34.
49, 17. 37.
49, 22. 186.
50, 6. 7. 9.
50, 7. 10.
50, 8. 9. 9.
52, 5. 159. 235 et 388.
53, lsqq. 63.
53, 4. 303.
53, 5. 307.
53, 5. 7. 7.
53, 8. 9.
54, 1. 107.
56, 10. 327.
58, 4. 5. 4.
58, 6-10. 4.
58, 8. 7.
60, 17. 88.
61, 1, 2. 34.
62, 2. 12. 251.
62, 11. 79 et 297.
63, 4. 34.
64, 4. 115.
65, 2. 29.
66, 1. 37.
66, 2. 40. 60 et 233.
66,24.112.
m. 1, 7. 220 et 243.
2, 12. 13. 25.
3,22. 19. 55.
4, 3. 20.
4, 4. 19.
4, 22. 267.
7, 2. 19.
7, 22. 23. 3.
7, 26. 20.
8, 4. 329.
9, 23. 24. 60.
9, 25. 26. 20.
10, 23. 226.
11, 19. 307.
15. 37.
15, 19. 331ξ
17, 6. 309.
17, 24 sqq. 34.

INDEX LOCORUM SCRIPTURAE SACRAE.

1³³8-

J erem.23,
- 25.
Ezech. 11,

- 1⁴,

ὲ,

ι-υ-
..0² 90505051535’929230.

Ξ)
ΙΙΙΙΙΙΙΙΙΞΙΙΙΙΙΙΙ

π,
m,

15.

19.
14. 20.

18, 30.
33,
33,
36,

11.
12.
23.
26.
12.
12.
44.

20.
16.
7. 8.
10.
14.
24.

24.
24.

13.

27.

25. 27.
26. 27.

52.

, 23.

3.
4.

‚ 19.
, 10.

„1.

299999F9999?999939975 &yffi

17.
17.
1οΖ
6.
7.
10.
15.
1.

Nov. Ten.

1.
23.
9.
10.

3.
4.
6.
9.
10.
3.
5.
11.
19.
23.
27.
32.

28.

42.
44.
45.
48.

pag.
277.

37.

13.

111 .

55.

55 et 289.
55.

235.

15.

97.

27.

247.

92.

92.

5.

80.

247.

5ο

47.

5.

220 et 243.
245.

107.

55.

71.

255.

27 .

37.

97.

3.

315.

237 et 293.
9.

9.

265.

311.

71.

· 309.
307 et 337.
251.
488.
186 et 291.
271.
271.
273.
273.
273.
379.
331.
331.
335.
129.
484.
448.
42.
389.
279.
279.

