INDEX LOGORUM SCRIPTURAE

Vct. Test.

Genes. l, 9.

2³

Ξ·
².

ΟΙΙΙΙΙ

:²³-

1, 26.

1, 26. 27.
1, 28.

2, 2.

2, 23.

3, 14.

3, 19.

4, 3-8,

’ ο

4.

9

text-srmjnm
μβ pm-

2

2
9, 6.

12, 1-3.

13, 14—16.

14, 14.
15, 5. 6.
15, 6.
17, 5.
17, 26. 27.
18, 11.
18, 27.
19.

19, 21.
21, 22.
22, 17.
22, 18.
25, 21.
25, 23.

-27, 41 sqq.

28, 4.
28, 29.
37.

48, 11. 9.
48, 18.
48, 19.
49, 10.
2, 14.
3, 11.
4, 10.
14.

16, 8.
17, 14.

17, 18 sqq.

20, 8.
24, 18.
31, 8.
32, 7.
32, 7 sqq.
33, 1.
34, 28.

,11

11, 3.
16, 7 sqq.

pag.

69. Levit. 20, 24.

7 et 12.
79 et 307.

12 et 79.

34.

53.
273.

249.
50.
307.

57.

57.
53.
57.
315.
307.
57.
57.
21.
57.
32.

32.

21.

57.
64 et 253.

58.
307.
57.

77.
251.
31.

31.
51.

77.

77.

51.

31.

32.

32.
287.
51.

65.

65 et 253.
98.
245.
30.

28.

34.

33.

6 et 33.
6 et 33.
99.

11.

6.

21.

24.

15.

- 23, 29.

- 26,12.
Ν11111. 11, 26. 27.

- 12, 3.

- 12, 7.

- 13,17.

16.

16, 33.

17.

18, 27.

19, 2 sqq.

21, 6 sqq.

21, 9.

27, 16 811.
. 4,1.

5, 12.

6, 4.

6, 13.

6, 16.

9, 12.

9, 12 sqq.

14.

18, 15.

27, 15.

32, 8. 9.

- 32,15.
Josue 2, 9.
1Reg.18, Ssqq.
1 Paral. 17, 16.
2Paral. 20, 7.

- 31, 14.
Judith. 8, 4. 6.
- 8, 19.

- 8, 30.
Esther 7 et 8.
Iob. 1, 1.

- ξι, 16-18.

Ξ

ισΙΙΙΙΙΙΙΙει

5, 1—5.
5, 17—26.
7, 6.
11, 2. 3.
13, 17.
14, 4. 5.
15, 15.
19, 25. 26.
30, 19.
31, 13 811.
31, 13. 15.
32, 8 811.
38, 10.
38, 11.
lm. 1, 1.
1, 3—6.
2, 7. 8.
2, 11.

τ
‘3².

24, 19-21,

SACRAE.

pag.

11.

14.

210.

418.

253 et 331.
64 et 89.
30.

98 et 245.
51.

89.

75.

17.

29.

30 et 291.
219.

22.

34.

265 et 307.
273.

273.

6 et 33.
99.
21.
307.
29.
75.
49.
59.
51.
253.
57.
75.
283.
157.
101.
101.
64.
85.
85.
85.

103. ’

111.
76.
431.
64.
85.
92.
253.
311.
281.
243.
69.
69.
24.
26.
83.
372.

